27273
40304
11730
35870
25090
2886
60403
3864
37870
55199
16707
48989
10834
26848
1600
63872
41811
6247
48653
49553
26298
32700
44971
1031
43797
7722
60936
37808
19758
45321
28440
58553
24181
26041
54330
52337
29461
21462
51862
15579
43963
5219
24497
59658
15118
30672
28946
32245
45206
15699
37926
2241
43964
45561
49445
51769
7836
31142
28646
1298
60216
45043
9006
56393
11066
34555
64986
36464
46069
36519
34852
56413
37761
42075
20902
13264
6463
63839
25025
60225
4487
45498
9020
422
55981
59052
37877
5581
56939
43647
24159
45796
22291
24730
13004
21925
33047
61375
16868
17712
59615
9748
23346
15997
14165
64299
39357
8038
5873
7038
6200
63789
48100
32720
13852
57357
36424
28896
4555
14410
2436
45610
294
22374
18981
7213
46346
58386
68
27963
64543
10022
43381
50815
41364
21987
32626
11914
64497
21
29087
37711
27281
7559
39936
28494
13446
31777
59420
14605
9544
29968
6216
46383
33102
8590
15705
47762
53888
47632
10097
53579
57579
12899
31959
45400
27395
32096
54253
10359
51426
35138
6038
32880
15104
64711
5571
35820
52669
60205
59172
63652
17193
9273
49838
7635
39702
58379
14578
60983
35256
34425
1853
63840
24143
31197
2753
311
41162
5967
1394
55918
38430
49382
8776
24917
10943
54194
35491
52433
45073
41308
4960
42663
53362
61052
35718
65488
64689
60743
39272
61671
61587
35491
15024
13937
18948
15272
57760
24301
19058
34299
6909
61842
58226
56347
34216
39058
2547
23032
25754
23811
52579
40064
65136
38201
58776
41485
28840
15620
53780
2151
18754
408
29367
27012
42167
38383
23673
16448
20911
42898
28516
64762
33942
35815
11564
33940
29831
821
33946
40412
9766
1241
44213
6095
6448
49198
61095
8320
16438
60195
64955
10064
61422
13120
36085
12241
29340
35766
63717
710
56589
922
5533
43927
13062
28289
60266
1830
63979
8209
35955
22735
65340
13424
18610
18600
24142
52382
43123
58796
4820
31340
32376
13734
38304
3238
34228
5410
58243
32001
49737
8775
48352
61160
56655
49197
5272
15539
65122
60229
18279
18453
65513
15642
26442
12060
64312
42065
20967
14713
64188
42891
27359
7509
33336
38096
15398
31029
41566
30230
21726
44120
32129
39928
64355
45532
47508
50319
30412
12359
1964
29580
14459
30618
3581
48247
15401
55256
62945
11968
54816
16664
12123
36639
30891
61765
42448
49401
60611
35530
22981
34671
5102
1668
49226
20090
41738
52075
17935
54116
52504
53930
12429
34616
35561
10425
55087
51131
58910
40633
51088
21078
21697
60363
1643
35409
955
26688
57800
40723
47887
35980
913
16954
29754
20612
60748
17953
33430
52266
14748
9872
23706
14114
56642
33967
19472
48794
52074
1906
207
3936
28406
49317
48588
54132
10098
14036
30971
29593
42019
62424
15562
59065
33962
2286
43781
13945
64807
21038
1587
8805
30201
32398
19675
13823
52548
31999
64328
456
17643
3463
2367
32879
31265
56369
56090
6159
28559
58886
40443
61353
38694
33741
63159
21373
30879
34191
61392
48031
38009
25368
42383
22320
13421
58073
40321
10445
10396
22628
57657
11648
57390
65504
37064
25588
45828
11057
30965
1354
40094
14807
26920
53370
38187
23618
15996
58557
22546
16591
25038
35639
59115
12743
26356
15481
53109
15178
33036
42885
64035
25542
7223
3591
4311
15364
29973
47331
55552
21331
58288
59670
54632
55970
32517
36737
18786
50519
4466
23281
7201
29233
12896
43648
59194
45022
63333
35863
43375
17021
40083
50880
38611
51002
57758
45049
29594
29625
40221
7554
59247
7804
14915
39735
36553
50713
54376
23114
64927
23804
24714
19694
57043
35115
38032
2983
17471
49398
55220
30689
45120
20781
44154
22248
29198
25995
29734
8348
23847
49837
47897
735
26927
2188
5603
13786
19930
46878
62899
33321
5411
56049
20765
41151
63614
61254
61831
33205
45822
48357
7841
43708
65025
33438
3629
42093
57063
42163
20290
48947
9750
15632
37762
33086
22827
54813
1694
32547
50975
9900
29451
44275
46185
64975
62159
54643
6707
33604
57868
38279
1452
15100
20463
15023
5801
45562
44762
14578
15984
40805
1914
40782
46028
30523
18700
19856
4066
46153
25842
33728
55978
26038
61845
18090
5609
8449
60000
40432
58663
19775
27900
48061
36792
42571
51328
3062
17077
53428
57133
7555
6911
16265
24513
31773
48745
34385
11676
20447
48632
24936
63597
57980
60751
20486
25009
46127
3051
64461
37262
19653
32543
60361
2755
27564
22233
6886
16239
9488
34515
5610
35846
7624
45179
49601
5075
48323
21425
63968
38978
23239
62394
57046
62272
18642
7874
6183
55857
50938
12105
2386
3051
37116
41943
14869
60887
38734
37142
3103
56363
29653
47245
34503
23608
35888
24999
8682
55182
2470
5877
20100
16440
33762
46506
11185
49885
41082
56524
44093
39061
61891
15168
6541
53430
1004
45937
44818
4146
1083
61391
13265
24977
33670
12275
22502
13118
1836
39530
61601
2892
62147
48637
22920
40152
40252
40457
34973
13712
28163
21359
13297
42562
48701
5682
35672
10679
2060
15831
62863
34252
1425
14280
19100
60930
41952
38466
42930
39160
48987
40727
4543
42297
9981
19189
11658
51862
20422
35680
50312
29976
57436
14862
10059
41666
960
1912
44910
10011
30915
35630
15711
37908
5871
42547
2345
53379
301
20882
4553
34405
48830
51388
58335
53173
48243
33618
63514
29946
22216
23566
4711
22085
4463
32159
32408
13048
24322
39463
54379
34888
43834
41273
50555
3691
55394
41659
62060
62162
11607
3454
39777
5981
45288
44649
20706
48296
2512
9153
22624
17822
23632
14027
59389
32139
63403
18381
31563
38236
27332
44252
31698
6589
16434
17863
7967
30623
60248
16012
26342
22660
39417
57550
30883
41287
44086
47994
18283
11740
37020
20749
44728
22562
63145
57401
26010
55460
34970
58151
35296
56118
14725
11909
14346
2025
18127
32283
43506
26723
12435
93
32999
13083
33649
36896
11028
44762
31736
45794
7526
12891
30864
50700
58714
13097
18120
40297
50910
60709
35956
64583
48315
18137
36919
2092
45923
42757
12402
2904
51494
47818
59162
32125
14800
2852
52469
28052
30962
24785
60332
40820
23433
39108
7141
16007
12795
50772
47042
9065
23675
31766
41648
49149
24591
20185
25069
46015
24602
12272
5509
25575
20889
64192
11307
16346
22612
32334
19872
21879
48540
